TestMSE: 6.0, TrainMSE: 3.122
TestMSE: 6.0, TrainMSE: 3.122
TestMSE: 604629.375, TrainMSE: 99368.7578125
TestMSE: 674332.0625, TrainMSE: 124870.15625
